921
141 102
620 368
351 751
364 43
284 317
63 716
108 239
36 124
500 382
235 746
793 254
155 322
110 236
162 876
321 469
6 7
561 170
789 103
282 594
579 183
786 473
104 111
82 481
179 337
12 372
783 376
254 170
216 573
57 34
305 123
417 335
574 128
764 249
349 794
845 609
630 817
901 227
69 46
482 57
131 514
10 710
172 173
79 17
4 52
734 364
287 393
150 749
806 905
344 607
881 52
210 140
100 490
815 201
53 113
554 15
81 224
28 6
11 25
649 201
13 54
706 182
590 611
34 201
221 522
598 343
464 275
95 304
169 270
907 134
223 181
230 731
699 55
121 423
414 814
729 387
723 139
483 877
673 148
834 903
440 803
880 693
535 426
545 424
178 602
770 366
727 124
91 39
303 915
306 312
93 13
15 50
18 109
290 145
87 872
708 402
145 126
645 392
54 458
77 346
498 330
43 37
185 606
443 468
293 740
188 43
853 807
800 518
323 74
317 419
617 866
296 133
249 616
168 765
111 159
850 644
131 735
60 281
138 324
341 659
382 67
279 527
214 226
365 546
639 724
20 301
448 463
352 339
157 411
339 460
83 300
32 37
265 38
329 210
241 612
198 102
378 449
80 96
23 9
201 297
75 225
140 384
705 193
325 258
217 151
914 423
537 279
333 167
66 56
818 107
48 5
184 245
447 859
115 22
111 390
536 366
75 190
361 778
375 294
194 256
302 332
29 204
343 408
112 229
218 350
76 410
619 34
464 795
286 321
437 454
596 919
422 247
310 30
898 567
207 442
113 801
892 346
277 101
141 218
384 406
155 147
138 373
29 1
92 59
63 259
320 5
855 629
1 2
841 386
10 9
450 790
499 133
354 319
42 116
219 203
781 713
438 629
407 88
36 45
118 807
666 575
71 80
174 399
97 86
599 717
402 828
517 183
152 700
79 85
762 383
190 232
13 19
17 253
63 227
59 68
98 278
278 380
423 562
838 137
465 7
840 670
138 5
416 588
163 409
304 412
228 585
22 428
578 852
44 40
267 755
55 143
262 134
346 404
489 871
77 447
782 683
240 83
442 667
479 54
369 516
130 829
187 135
28 31
386 475
436 276
205 497
44 114
741 655
441 660
132 702
321 487
327 650
669 32
265 506
676 333
744 526
22 739
446 668
136 60
38 339
759 82
560 386
498 663
33 103
70 586
610 856
182 328
682 590
582 654
400 211
504 496
471 1
707 259
32 130
87 455
20 133
648 56
551 298
748 505
285 299
97 642
84 79
785 177
824 655
407 621
21 62
30 515
842 439
722 608
60 656
184 54
651 304
486 263
97 526
399 819
389 893
71 14
582 142
459 139
111 655
151 72
373 718
294 768
105 441
443 690
192 173
64 336
183 509
24 805
484 251
175 413
122 311
245 587
36 118
100 77
127 473
177 457
747 816
358 216
533 416
445 55
532 851
788 902
272 109
6 20
86 139
379 365
180 918
349 189
76 335
605 675
67 81
252 189
469 844
316 47
906 68
395 214
78 615
167 10
125 284
636 728
147 365
689 280
8 27
865 423
256 303
222 798
916 748
696 692
638 556
160 830
146 233
74 75
244 94
84 177
4 18
314 813
227 318
58 222
172 118
359 274
14 42
274 753
592 574
502 596
59 45
26 11
135 103
885 654
627 252
171 6
46 371
76 241
197 521
27 127
709 791
128 59
831 224
544 395
182 31
583 685
869 194
269 96
306 72
563 104
423 757
1 3
20 33
231 591
176 683
6 194
899 801
53 48
416 420
692 502
211 640
191 147
538 502
385 161
361 277
58 378
12 60
261 67
24 440
377 391
18 183
427 107
392 529
68 207
542 37
114 237
61 11
689 860
27 82
175 730
170 174
47 633
219 867
21 55
568 774
672 361
688 211
101 36
19 211
242 719
495 359
152 185
909 234
291 492
136 641
5 63
812 73
93 163
809 753
253 266
293 626
32 7
511 821
215 398
17 165
138 148
827 646
443 68
137 16
403 503
183 289
49 389
238 163
50 835
410 684
235 863
896 117
701 16
376 111
350 631
66 279
104 775
47 8
197 208
439 618
912 559
747 54
21 77
58 403
603 190
247 313
205 177
148 833
324 383
72 134
590 74
31 228
130 637
397 342
846 51
46 202
652 112
31 377
665 418
748 857
116 662
471 553
810 328
836 56
502 266
48 107
27 119
120 169
5 363
3 4
20 76
767 475
679 451
250 54
630 89
136 140
106 56
465 636
91 461
510 340
388 317
9 176
373 575
22 30
438 197
138 293
251 246
163 386
709 548
832 73
221 115
334 777
387 316
301 462
267 367
745 448
13 4
913 903
890 380
125 478
624 38
214 130
54 142
308 435
231 27
126 257
37 314
454 600
206 342
41 772
695 491
875 771
216 31
131 605
197 125
283 568
15 51
582 908
694 670
4 6
81 920
604 490
128 763
647 372
864 85
839 527
338 534
714 227
86 326
201 523
2 17
118 206
14 94
327 381
131 79
334 37
477 693
566 301
115 674
197 549
269 343
52 72
170 145
154 283
492 752
803 879
81 102
347 130
275 227
35 98
847 326
95 196
657 5
166 122
161 158
381 507
195 414
861 79
726 402
577 703
333 452
439 123
343 513
235 192
567 395
448 185
259 572
415 66
22 2
15 754
77 156
387 888
433 29
305 894
539 854
691 644
159 242
873 558
348 825
93 584
763 886
181 133
321 599
806 279
66 550
543 511
805 889
118 121
476 225
338 30
524 41
268 38
732 535
891 270
910 73
203 48
424 370
761 726
154 344
95 2
39 617
166 496
366 429
79 712
139 664
287 895
483 124
74 822
123 46
136 787
467 417
804 276
233 466
90 480
175 7
733 616
802 507
331 301
614 470
258 216
305 784
308 119
136 247
677 5
75 601
1 351
28 67
50 126
56 3
452 565
518 95
414 547
170 355
580 288
294 67
771 73
273 418
671 45
489 151
134 608
113 799
94 450
911 484
285 635
670 47
837 631
304 425
416 347
868 21
57 437
524 686
672 826
186 46
715 290
276 83
118 220
330 430
820 712
520 558
28 39
267 295
138 501
36 488
797 580
532 338
111 288
512 153
158 5
318 405
570 308
291 188
94 453
85 319
349 470
83 6
132 131
78 19
219 401
687 366
568 595
427 646
47 559
96 195
66 811
96 431
286 557
334 348
99 24
139 274
233 234
14 168
539 285
477 309
193 125
343 353
921 850
750 477
30 90
162 89
277 392
68 110
123 720
157 511
50 122
541 396
164 157
874 124
796 536
843 254
170 446
89 5
217 634
519 383
6 11
334 505
55 105
90 315
1 125
396 56
619 743
773 345
35 23
196 788
64 23
307 738
608 711
2 8
571 398
43 883
432 418
330 758
150 152
2 581
65 59
3 593
681 136
18 34
49 43
16 104
327 583
10 15
38 6
737 95
41 37
156 421
249 123
271 434
834 275
50 255
290 494
4 356
407 474
292 625
243 173
756 300
405 632
92 307
419 444
203 849
135 199
86 120
218 609
661 388
112 109
16 154
246 72
179 215
62 345
94 150
760 743
280 211
16 267
605 713
244 287
394 343
248 143
628 419
36 20
431 644
89 264
508 540
91 292
411 613
70 58
466 556
10 569
213 77
285 35
157 47
548 276
858 142
370 128
9 5
166 178
300 887
635 725
622 236
451 136
87 31
23 578
180 164
38 653
576 270
698 184
368 5
870 485
461 520
30 129
779 372
306 643
827 878
697 15
144 28
174 577
230 97
808 629
530 99
119 736
209 85
1 146
848 349
527 658
302 97
160 159
273 226
262 678
402 345
46 86
51 472
426 366
618 780
16 24
24 147
528 219
340 215
73 31
610 132
586 766
564 187
260 222
663 862
555 422
153 14
40 18
3 14
792 394
110 493
282 87
575 623
456 173
72 552
76 485
